1   1H      1.00782503207(10)   99.9885(70)
    2H      2.0141017778(4)     0.0115(70)
2   3He     3.0160293191(26)    0.000134(3)
    4He     4.00260325415(6)    99.999866(3)
3   6Li     6.015122795(16)     7.59(4)
    7Li     7.01600455(8)       92.41(4)
4   9Be     9.0121822(4)        100
5   10B     10.0129370(4)       19.9(7)
    11B     11.0093054(4)       80.1(7)
6   12C     12.0000000(0)       98.93(8)
    13C     13.0033548378(10)   1.07(8)
7   14N     14.0030740048(6)    99.636(7)
    15N     15.0001088982(7)    0.364(7)
8   16O     15.99491461956(16)  99.757(16)
    17O     16.99913170(12)     0.038(1)
    18O     17.9991610(7)       0.205(14)
9   19F     18.99840322(7)      100
10  20Ne    19.9924401754(19)   90.48(3)
    21Ne    20.99384668(4)      0.27(1)
    22Ne    21.991385114(19)    9.25(3)
11  23Na    22.9897692809(29)   100
12  24Mg    23.985041700(14)    78.99(4)
    25Mg    24.98583692(3)      10.00(1)
    26Mg    25.982592929(30)    11.01(3)
13  27Al    26.98153863(12)     100
14  28Si    27.9769265325(19)   92.223(19)
    29Si    28.976494700(22)    4.685(8)
    30Si    29.97377017(3)      3.092(11)
15  31P     30.97376163(20)     100
16  32S     31.97207100(15)     94.99(26)
    33S     32.97145876(15)     0.75(2)
    34S     33.96786690(12)     4.25(24)
    36S     35.96708076(20)     0.01(1)
17  35Cl    34.96885268(4)      75.76(10)
    37Cl    36.96590259(5)      24.24(10)
18  36Ar    35.967545106(29)    0.3365(30)
    38Ar    37.9627324(4)       0.0632(5)
    40Ar    39.9623831225(29)   99.6003(30)
19  39K     38.96370668(20)     93.2581(44)
    40K     39.96399848(21)     0.0117(1)
    41K     40.96182576(21)     6.7302(44)
20  40Ca    39.96259098(22)     96.941(156)
    42Ca    41.95861801(27)     0.647(23)
    43Ca    42.9587666(3)       0.135(10)
    44Ca    43.9554818(4)       2.086(110)
    46Ca    45.9536926(24)      0.004(3)
    48Ca    47.952534(4)        0.187(21)
21  45Sc    44.9559119(9)       100
22  46Ti    45.9526316(9)       8.25(3)
    47Ti    46.9517631(9)       7.44(2)
    48Ti    47.9479463(9)       73.72(3)
    49Ti    48.9478700(9)       5.41(2)
    50Ti    49.9447912(9)       5.18(2)
23  50V     49.9471585(11)      0.250(4)
    51V     50.9439595(11)      99.750(4)
24  50Cr    49.9460442(11)      4.345(13)
    52Cr    51.9405075(8)       83.789(18)
    53Cr    52.9406494(8)       9.501(17)
    54Cr    53.9388804(8)       2.365(7)
25  55Mn    54.9380451(7)       100
26  54Fe    53.9396105(7)       5.845(35)
    56Fe    55.9349375(7)       91.754(36)
    57Fe    56.9353940(7)       2.119(10)
    58Fe    57.9332756(8)       0.282(4)
27  59Co    58.9331950(7)       100
28  58Ni    57.9353429(7)       68.0769(89)
    60Ni    59.9307864(7)       26.2231(77)
    61Ni    60.9310560(7)       1.1399(6)
    62Ni    61.9283451(6)       3.6345(17)
    64Ni    63.9279660(7)       0.9256(9)
29  63Cu    62.9295975(6)       69.15(3)
    65Cu    64.9277895(7)       30.85(3)
30  64Zn    63.9291422(7)       48.268(321)
    66Zn    65.9260334(10)      27.975(77)
    67Zn    66.9271273(10)      4.102(21)
    68Zn    67.9248442(10)      19.024(123)
    70Zn    69.9253193(21)      0.631(9)
31  69Ga    68.9255736(13)      60.108(9)
    71Ga    70.9247013(11)      39.892(9)
32  70Ge    69.9242474(11)      20.38(18)
    72Ge    71.9220758(18)      27.31(26)
    73Ge    72.9234589(18)      7.76(8)
    74Ge    73.9211778(18)      36.72(15)
    76Ge    75.9214026(18)      7.83(7)
33  75As    74.9215965(20)      100
34  74Se    73.9224764(18)      0.89(4)
    76Se    75.9192136(18)      9.37(29)
    77Se    76.9199140(18)      7.63(16)
    78Se    77.9173091(18)      23.77(28)
    80Se    79.9165213(21)      49.61(41)
    82Se    81.9166994(22)      8.73(22)
35  79Br    78.9183371(22)      50.69(7)
    81Br    80.9162906(21)      49.31(7)
36  78Kr    77.9203648(12)      0.355(3)
    80Kr    79.9163790(16)      2.286(10)
    82Kr    81.9134836(19)      11.593(31)
    83Kr    82.914136(3)        11.500(19)
    84Kr    83.911507(3)        56.987(15)
    86Kr    85.91061073(11)     17.279(41)
37  85Rb    84.911789738(12)    72.17(2)
    87Rb    86.909180527(13)    27.83(2)
38  84Sr    83.913425(3)        0.56(1)
    86Sr    85.9092602(12)      9.86(1)
    87Sr    86.9088771(12)      7.00(1)
    88Sr    87.9056121(12)      82.58(1)
39  89Y     88.9058483(27)      100
40  90Zr    89.9047044(25)      51.45(40)
    91Zr    90.9056458(25)      11.22(5)
    92Zr    91.9050408(25)      17.15(8)
    94Zr    93.9063152(26)      17.38(28)
    96Zr    95.9082734(30)      2.80(9)
41  93Nb    92.9063781(26)      100
42  92Mo    91.906811(4)        14.77(31)
    94Mo    93.9050883(21)      9.23(10)
    95Mo    94.9058421(21)      15.90(9)
    96Mo    95.9046795(21)      16.68(1)
    97Mo    96.9060215(21)      9.56(5)
    98Mo    97.9054082(21)      24.19(26)
    100Mo   99.907477(6)        9.67(20)
43  Tc
44  96Ru    95.907598(8)        5.54(14)
    98Ru    97.905287(7)        1.87(3)
    99Ru    98.9059393(22)      12.76(14)
    100Ru   99.9042195(22)      12.60(7)
    101Ru   100.9055821(22)     17.06(2)
    102Ru   101.9043493(22)     31.55(14)
    104Ru   103.905433(3)       18.62(27)
45  103Rh   102.905504(3)       100
46  102Pd   101.905609(3)       1.02(1)
    104Pd   103.904036(4)       11.14(8)
    105Pd   104.905085(4)       22.33(8)
    106Pd   105.903486(4)       27.33(3)
    108Pd   107.903892(4)       26.46(9)
    110Pd   109.905153(12)      11.72(9)
47  107Ag   106.905097(5)       51.839(8)
    109Ag   108.904752(3)       48.161(8)
48  106Cd   105.906459(6)       1.25(6)
    108Cd   107.904184(6)       0.89(3)
    110Cd   109.9030021(29)     12.49(18)
    111Cd   110.9041781(29)     12.80(12)
    112Cd   111.9027578(29)     24.13(21)
    113Cd   112.9044017(29)     12.22(12)
    114Cd   113.9033585(29)     28.73(42)
    116Cd   115.904756(3)       7.49(18)
49  113In   112.904058(3)       4.29(5)
    115In   114.903878(5)       95.71(5)
50  112Sn   111.904818(5)       0.97(1)
    114Sn   113.902779(3)       0.66(1)
    115Sn   114.903342(3)       0.34(1)
    116Sn   115.901741(3)       14.54(9)
    117Sn   116.902952(3)       7.68(7)
    118Sn   117.901603(3)       24.22(9)
    119Sn   118.903308(3)       8.59(4)
    120Sn   119.9021947(27)     32.58(9)
    122Sn   121.9034390(29)     4.63(3)
    124Sn   123.9052739(15)     5.79(5)
51  121Sb   120.9038157(24)     57.21(5)
    123Sb   122.9042140(22)     42.79(5)
52  120Te   119.904020(10)      0.09(1)
    122Te   121.9030439(16)     2.55(12)
    123Te   122.9042700(16)     0.89(3)
    124Te   123.9028179(16)     4.74(14)
    125Te   124.9044307(16)     7.07(15)
    126Te   125.9033117(16)     18.84(25)
    128Te   127.9044631(19)     31.74(8)
    130Te   129.9062244(21)     34.08(62)
53  127I    126.904473(4)       100
54  124Xe   123.9058930(20)     0.0952(3)
    126Xe   125.904274(7)       0.0890(2)
    128Xe   127.9035313(15)     1.9102(8)
    129Xe   128.9047794(8)      26.4006(82)
    130Xe   129.9035080(8)      4.0710(13)
    131Xe   130.9050824(10)     21.2324(30)
    132Xe   131.9041535(10)     26.9086(33)
    134Xe   133.9053945(9)      10.4357(21)
    136Xe   135.907219(8)       8.8573(44)
55  133Cs   132.905451933(24)   100
56  130Ba   129.9063208(30)     0.106(1)
    132Ba   131.9050613(11)     0.101(1)
    134Ba   133.9045084(4)      2.417(18)
    135Ba   134.9056886(4)      6.592(12)
    136Ba   135.9045759(4)      7.854(24)
    137Ba   136.9058274(5)      11.232(24)
    138Ba   137.9052472(5)      71.698(42)
57  138La   137.907112(4)       0.090(1)
    139La   138.9063533(26)     99.910(1)
58  136Ce   135.907172(14)      0.185(2)
    138Ce   137.905991(11)      0.251(2)
    140Ce   139.9054387(26)     88.450(51)
    142Ce   141.909244(3)       11.114(51)
59  141Pr   140.9076528(26)     100
60  142Nd   141.9077233(25)     27.2(5)
    143Nd   142.9098143(25)     12.2(2)
    144Nd   143.9100873(25)     23.8(3)
    145Nd   144.9125736(25)     8.3(1)
    146Nd   145.9131169(25)     17.2(3)
    148Nd   147.916893(3)       5.7(1)
    150Nd   149.920891(3)       5.6(2)
61  Pm
62  144Sm   143.911999(3)       3.07(7)
    147Sm   146.9148979(26)     14.99(18)
    148Sm   147.9148227(26)     11.24(10)
    149Sm   148.9171847(26)     13.82(7)
    150Sm   149.9172755(26)     7.38(1)
    152Sm   151.9197324(27)     26.75(16)
    154Sm   153.9222093(27)     22.75(29)
63  151Eu   150.9198502(26)     47.81(6)
    158Eu   152.9212303(26)     52.19(6)
64  152Gd   151.9197910(27)     0.20(1)
    154Gd   153.9208656(27)     2.18(3)
    155Gd   154.9226220(27)     14.80(12)
    156Gd   155.9221227(27)     20.47(9)
    157Gd   156.9239601(27)     15.65(2)
    158Gd   157.9241039(27)     24.84(7)
    160Gd   159.9270541(27)     21.86(19)
65  159Tb   158.9253468(27)     100
66  156Dy   155.924283(7)       0.056(3)
    158Dy   157.924409(4)       0.095(3)
    160Dy   159.9251975(27)     2.329(18)
    161Dy   160.9269334(27)     18.889(42)
    162Dy   161.9267984(27)     25.475(36)
    163Dy   162.9287312(27)     24.896(42)
    164Dy   163.9291748(27)     28.260(54)
67  165Ho   164.9303221(27)     100
68  162Er   161.928778(4)       0.139(5)
    164Er   163.929200(3)       1.601(3)
    166Er   165.9302931(27)     33.503(36)
    167Er   166.9320482(27)     22.869(9)
    168Er   167.9323702(27)     26.978(18)
    170Er   169.9354643(30)     14.910(36)
69  169Tm   168.9342133(27)     100
70  168Yb   167.933897(5)       0.13(1)
    170Yb   169.9347618(26)     3.04(15)
    171Yb   170.9363258(26)     14.28(57)
    172Yb   171.9363815(26)     21.83(67)
    173Yb   172.9382108(26)     16.13(27)
    174Yb   173.9388621(26)     31.83(92)
    176Yb   175.9425717(28)     12.76(41)
71  175Lu   174.9407718(23)     97.41(2)
    176Lu   175.9426863(23)     2.59(2)
72  174Hf   173.940046(3)       0.16(1)
    176Hf   175.9414086(24)     5.26(7)
    177Hf   176.9432207(23)     18.60(9)
    178Hf   177.9436988(23)     27.28(7)
    179Hf   178.9458161(23)     13.62(2)
    180Hf   179.9465500(23)     35.08(16)
73  180Ta   179.9474648(24)     0.012(2)
    181Ta   180.9479958(19)     99.988(2)
74  180W    179.946704(4)       0.12(1)
    182W    181.9482042(9)      26.50(16)
    183W    182.9502230(9)      14.31(4)
    184W    183.9509312(9)      30.64(2)
    186W    185.9543641(19)     28.43(19)
75  185Re   184.9529550(13)     37.40(2)
    187Re   186.9557531(15)     62.60(2)
76  184Os   183.9524891(14)     0.02(1)
    186Os   185.9538382(15)     1.59(3)
    187Os   186.9557505(15)     1.96(2)
    188Os   187.9558382(15)     13.24(8)
    189Os   188.9581475(16)     16.15(5)
    190Os   189.9584470(16)     26.26(2)
    192Os   191.9614807(27)     40.78(19)
77  191Ir   190.9605940(18)     37.3(2)
    193Ir   192.9629264(18)     62.7(2)
78  190Pt   189.959932(6)       0.014(1)
    192Pt   191.9610380(27)     0.782(7)
    194Pt   193.9626803(9)      32.967(99)
    195Pt   194.9647911(9)      33.832(10)
    196Pt   195.9649515(9)      25.242(41)
    198Pt   197.967893(3)       7.163(55)
79  197Au   196.9665687(6)      100
80  196Hg   195.965833(3)       0.15(1)
    198Hg   197.9667690(4)      9.97(20)
    199Hg   198.9682799(4)      16.87(22)
    200Hg   199.9683260(4)      23.10(19)
    201Hg   200.9703023(6)      13.18(9)
    202Hg   201.9706430(6)      29.86(26)
    204Hg   203.9734939(4)      6.87(15)
81  203Tl   202.9723442(14)     29.52(1)
    205Tl   204.9744275(14)     70.48(1)
82  204Pb   203.9730436(13)     1.4(1)
    206Pb   205.9744653(13)     24.1(1)
    207Pb   206.9758969(13)     22.1(1)
    208Pb   207.9766521(13)     52.4(1)
83  209Bi   208.9803987(16)     100
84  Po
85  At
86  Rn
87  Fr
88  Ra
89  Ac
90  232Th   232.0380553(21)     100
91  231Pa   231.0358840(24)     100
92  234U    234.0409521(20)     0.0054(5)
    235U    235.0439299(20)     0.7204(6)
    238U    238.0507882(20)     99.2742(10)
93  Np
94  Pu